2025-01-09
1 277
2 279
3 281
4 273
5 278
6 281
7 277
8 277
9 279
10 277
11 276
12 279
13 276
14 277
15 276
16 283
17 275
18 277
19 277
20 274
21 276
22 280
23 277
24 285
25 279
26 277
27 279
28 281
29 279
30 275
31 275
32 277
33 282
34 270
35 280
36 278
37 281
38 276
39 274
40 272
41 278
42 277
43 279
44 278
45 281
46 281
47 281
48 280
49 277
50 275
51 278
52 275
53 279
54 276
55 276
56 275
57 278
58 278
59 276
60 280
61 275
62 281
63 275
64 277
65 276
66 276
67 277
68 273
69 273
70 276
71 276
72 281
73 279
74 279
75 280
76 275
77 276
78 279
79 279
80 276
81 280
82 279
83 275
84 273
85 279
86 275
87 274
88 274
89 276
90 276
91 280
92 279
93 280
94 274
95 274
96 282
97 272
98 274
99 275
100 277
M2 0