2025-01-09
1 274
2 272
3 283
4 279
5 283
6 278
7 279
8 280
9 278
10 279
11 280
12 278
13 281
14 279
15 279
16 275
17 283
18 280
19 280
20 275
21 275
22 278
23 279
24 280
25 276
26 277
27 274
28 279
29 277
30 279
31 279
32 278
33 283
34 279
35 279
36 285
37 274
38 279
39 276
40 279
41 281
42 279
43 278
44 278
45 278
46 281
47 277
48 281
49 278
50 276
51 278
52 276
53 279
54 279
55 276
56 278
57 279
58 277
59 274
60 283
61 276
62 279
63 277
64 279
65 279
66 280
67 279
68 279
69 277
70 278
71 277
72 283
73 277
74 277
75 278
76 277
77 276
78 279
79 276
80 280
81 284
82 278
83 277
84 277
85 279
86 274
87 280
88 276
89 282
90 281
91 280
92 279
93 280
94 277
95 280
96 274
97 281
98 280
99 279
100 278
M2 0